0.15
0.15
0.15
0.15
0.15
0.15
0.15
0.15
0.15
0.15
0.15
0.15
0.15
0.15
0.15
0.15
0.15
0.15
0.15
0.15
0.15
0.15
0.15
0.15
0.15
0.15
0.15
0.15
0.32
0.32
0.34
0.34
0.34
0.35
0.35
0.35
0.37
0.38
0.4
0.41
0.41
0.41
0.42
0.42
0.42
0.42
0.42
0.42
0.44
0.44
0.44
0.44
0.45
0.45
0.45
0.45
0.45
0.45
0.45
0.45
0.45
0.46
0.47
0.47
0.49
0.49
0.5
0.5
0.5
0.51
0.51
0.51
0.51
0.52
0.52
0.52
0.52
0.52
0.53
0.53
0.55
0.55
0.55
0.57
0.59
0.59
0.6
0.6
0.6
0.6
0.6
0.6
0.6
0.61
0.62
0.62
0.68
0.68
0.69
0.69
0.7
0.73
0.74
0.76
0.76
0.77
0.87
0.87
0.89
0.89
0.94
0.94
0.97
0.97
0.98
1
1
1
1
1.1
1.1
1.2
1.2
1.3
1.3
1.4
1.4
1.4
1.4
1.6
1.6
1.7
1.7
1.7
1.7
1.7
1.7
2.3
2.3
2.3
2.3
2.7
2.7
4
