0.15
0.15
0.15
0.15
0.15
0.15
0.15
0.15
0.15
0.15
0.15
0.15
0.15
0.15
0.15
0.15
0.15
0.15
0.15
0.15
0.15
0.15
0.15
0.15
0.32
0.32
0.34
0.34
0.34
0.34
0.34
0.35
0.35
0.35
0.35
0.37
0.38
0.38
0.4
0.4
0.41
0.42
0.42
0.42
0.44
0.44
0.44
0.45
0.45
0.45
0.45
0.45
0.46
0.46
0.46
0.46
0.46
0.47
0.47
0.47
0.49
0.49
0.5
0.51
0.51
0.51
0.51
0.52
0.52
0.52
0.52
0.52
0.52
0.53
0.54
0.54
0.55
0.55
0.55
0.55
0.57
0.58
0.58
0.58
0.59
0.59
0.59
0.6
0.61
0.61
0.61
0.61
0.61
0.62
0.65
0.69
0.69
0.69
0.7
0.72
0.72
0.73
0.73
0.74
0.74
0.76
0.77
0.77
0.84
0.84
0.89
0.9
0.93
0.97
0.98
1
1
1.2
1.2
1.2
1.3
1.3
1.3
1.4
1.4
1.4
1.4
1.4
1.4
1.4
1.6
1.6
1.6
1.6
1.7
1.7
1.7
1.7
1.7
1.7
2.3
2.3
7
7
