0.15
0.15
0.15
0.15
0.15
0.15
0.15
0.15
0.15
0.15
0.15
0.15
0.15
0.15
0.15
0.15
0.15
0.15
0.15
0.15
0.15
0.32
0.34
0.34
0.34
0.34
0.35
0.37
0.38
0.38
0.39
0.4
0.41
0.41
0.41
0.41
0.42
0.43
0.44
0.44
0.44
0.44
0.45
0.45
0.45
0.45
0.45
0.45
0.46
0.46
0.46
0.47
0.49
0.49
0.49
0.5
0.51
0.51
0.51
0.51
0.52
0.52
0.53
0.54
0.54
0.54
0.55
0.55
0.55
0.55
0.55
0.58
0.59
0.61
0.61
0.61
0.62
0.62
0.63
0.66
0.66
0.66
0.66
0.68
0.68
0.68
0.68
0.68
0.68
0.69
0.69
0.69
0.69
0.69
0.7
0.7
0.7
0.72
0.72
0.73
0.73
0.73
0.74
0.76
0.77
0.78
0.78
0.83
0.87
0.89
0.89
0.93
0.93
0.94
0.94
0.98
1
1
1
1
1.1
1.1
1.2
1.2
1.3
1.3
1.3
1.4
1.4
1.4
1.5
1.5
1.6
1.6
1.6
1.7
1.7
1.7
1.7
1.7
1.7
2.3
2.7
4
